0,380
0,379
0,378
0,377
0,376
0,375
0,374
0,373
0,372
0,371
0,370
0,369
0,368
0,367
0,366
0,365
0,364
0,363
0,362
0,361
0,360
0,359
0,358
0,357
51,52
51,51
51,50
51,49
51,48
51,47
51,46
51,45
51,44
51,43
51,42
51,41
51,40
51,39
51,38
51,37
51,36
34,4
30,1
30,3
38,1
38,3
36,1
36,3
37,1
37,3
35,1
35,3
29,1
29,3
51,35
34,1
34,3
33,1
33,3
0,356
0,355
0,354
0,353
0,352
0,351
0,350
0,349
0,324
10,152
10,111
10,133
10,141
10,200
10,309
10,237
10,131
11,6
11,11
11,15
11,29
11,18
9,5
8,14
8,11
8,13
8,5
8,4
0,335
49,3
49,2
49,1
49,0
48,3
48,2
48,1
48,0
47,4
47,3
47,2
47,1
